7 7
0.01982346 0.02011407 0.02028953 0.0203482 0.02028953 0.02011407 0.01982346
0.02011407 0.02040706 0.02058396 0.02064311 0.02058396 0.02040706 0.02011407
0.02028953 0.02058396 0.02076173 0.02082117 0.02076173 0.02058396 0.02028953
0.0203482 0.02064311 0.02082117 0.02088071 0.02082117 0.02064311 0.0203482
0.02028953 0.02058396 0.02076173 0.02082117 0.02076173 0.02058396 0.02028953
0.02011407 0.02040706 0.02058396 0.02064311 0.02058396 0.02040706 0.02011407
0.01982346 0.02011407 0.02028953 0.0203482 0.02028953 0.02011407 0.01982346
